150 100
149 100
149 101
149 102
149 102
149 103
149 104
149 104
149 105
149 106
149 106
149 107
148 108
148 108
148 109
148 110
148 111
147 111
147 112
147 113
146 113
146 114
146 114
146 115
145 116
145 116
144 117
144 118
144 118
143 119
143 119
142 120
142 121
141 121
141 122
140 122
140 123
139 124
139 124
138 125
138 125
137 126
137 126
136 127
135 127
135 128
134 128
134 129
133 129
132 130
132 130
131 131
130 131
130 131
129 132
128 132
127 133
127 133
126 133
125 134
125 134
124 134
123 135
122 135
121 135
121 136
120 136
119 136
118 137
117 137
117 137
116 137
115 138
114 138
113 138
112 138
112 138
111 138
110 139
109 139
108 139
107 139
106 139
106 139
105 139
104 139
103 139
102 139
101 139
100 139
100 139
99 139
98 139
97 139
96 139
95 139
94 139
93 139
93 139
92 139
91 139
90 139
89 139
88 138
87 138
87 138
86 138
85 138
84 138
83 137
82 137
82 137
81 137
80 136
79 136
78 136
78 135
77 135
76 135
75 135
75 134
74 134
73 133
72 133
72 133
71 132
70 132
69 131
69 131
68 131
67 130
67 130
66 129
65 129
65 128
64 128
64 127
63 127
62 126
62 126
61 125
61 125
60 124
60 124
59 123
59 122
58 122
58 121
57 121
57 120
56 120
56 119
55 118
55 118
55 117
54 116
54 116
54 115
53 115
53 114
53 113
52 113
52 112
52 111
51 111
51 110
51 109
51 109
51 108
50 107
50 107
50 106
50 105
50 104
50 104
50 103
50 102
50 102
50 101
50 100
50 100
50 99
50 98
50 97
50 97
50 96
50 95
50 95
50 94
50 93
50 93
50 92
51 91
51 91
51 90
51 89
51 89
52 88
52 87
52 87
52 86
53 85
53 85
53 84
54 83
54 83
55 82
55 81
55 81
56 80
56 80
57 79
57 78
58 78
58 77
58 77
59 76
60 75
60 75
61 74
61 74
62 73
62 73
63 72
63 72
64 71
65 71
65 70
66 70
67 69
67 69
68 68
69 68
69 68
70 67
71 67
71 66
72 66
73 66
74 65
74 65
75 65
76 64
77 64
77 64
78 63
79 63
80 63
81 62
81 62
82 62
83 62
84 61
85 61
86 61
86 61
87 61
88 61
89 60
90 60
91 60
92 60
92 60
93 60
94 60
95 60
96 60
97 60
98 60
99 60
99 60
100 60
101 60
102 60
103 60
104 60
105 60
105 60
106 60
107 60
108 60
109 60
110 60
111 61
111 61
112 61
113 61
114 61
115 61
116 62
116 62
117 62
118 62
119 63
120 63
121 63
121 64
122 64
123 64
124 64
124 65
125 65
126 66
127 66
127 66
128 67
129 67
129 67
130 68
131 68
132 69
132 69
133 70
133 70
134 71
135 71
135 72
136 72
137 73
137 73
138 74
138 74
139 75
139 75
140 76
140 76
141 77
141 78
142 78
142 79
143 79
143 80
144 81
144 81
144 82
145 82
145 83
145 84
146 84
146 85
146 86
147 86
147 87
147 88
148 88
148 89
148 90
148 90
148 91
149 92
149 92
149 93
149 94
149 95
149 95
149 96
149 97
149 97
149 98
149 99
